2024-04-16 00:00:11;87;3;143
2024-04-16 00:01:12;87;3;143
2024-04-16 00:02:12;87;3;143
2024-04-16 00:03:12;87;3;143
2024-04-16 00:04:13;87;3;143
2024-04-16 00:05:13;87;3;143
2024-04-16 00:06:14;87;3;143
2024-04-16 00:07:09;87;3;143
2024-04-16 00:08:14;86;3;143
2024-04-16 00:09:09;87;3;143
2024-04-16 00:10:10;87;2;144
2024-04-16 00:11:10;87;3;143
2024-04-16 00:12:11;86;3;143
2024-04-16 00:13:11;87;2;144
2024-04-16 00:14:11;87;3;143
2024-04-16 00:15:12;86;3;143
2024-04-16 00:16:12;87;3;143
2024-04-16 00:17:12;87;3;143
2024-04-16 00:18:13;87;3;143
2024-04-16 00:19:13;87;3;143
2024-04-16 00:20:14;86;3;143
2024-04-16 00:21:09;86;3;143
2024-04-16 00:22:14;86;3;143
2024-04-16 00:23:09;86;3;143
2024-04-16 00:24:10;86;2;144
2024-04-16 00:25:10;86;3;143
2024-04-16 00:26:11;87;3;143
2024-04-16 00:27:11;86;2;144
2024-04-16 00:28:11;86;3;143
2024-04-16 00:29:12;86;3;143
2024-04-16 00:30:12;86;3;143
2024-04-16 00:31:13;87;3;143
2024-04-16 00:32:13;87;2;144
2024-04-16 00:33:13;86;3;143
2024-04-16 00:34:14;87;3;143
2024-04-16 00:35:09;86;3;143
2024-04-16 00:36:14;86;3;143
2024-04-16 00:37:10;86;3;143
2024-04-16 00:38:10;87;3;143
2024-04-16 00:39:10;86;4;142
2024-04-16 00:40:11;86;3;143
2024-04-16 00:41:11;87;3;143
2024-04-16 00:42:11;87;3;143
2024-04-16 00:43:12;86;2;144
2024-04-16 00:44:12;86;3;143
2024-04-16 00:45:13;86;3;143
2024-04-16 00:46:13;86;2;144
2024-04-16 00:47:13;86;3;143
2024-04-16 00:48:14;86;2;144
2024-04-16 00:49:09;86;3;143
2024-04-16 00:50:15;86;2;144
2024-04-16 00:51:10;87;3;143
2024-04-16 00:52:10;86;3;143
2024-04-16 00:53:10;86;3;143
2024-04-16 00:54:11;86;3;143
2024-04-16 00:55:11;86;3;143
2024-04-16 00:56:12;86;3;143
2024-04-16 00:57:12;86;3;143
2024-04-16 00:58:12;86;3;143
2024-04-16 00:59:13;86;3;143
2024-04-16 01:00:13;86;3;143
2024-04-16 01:01:13;86;3;143
2024-04-16 01:02:14;86;3;143
2024-04-16 01:03:09;86;3;143
2024-04-16 01:04:15;86;3;143
2024-04-16 01:05:10;86;3;143
2024-04-16 01:06:10;86;3;143
2024-04-16 01:07:10;86;2;144
2024-04-16 01:08:11;86;2;144
2024-04-16 01:09:11;86;2;144
2024-04-16 01:10:12;86;3;143
2024-04-16 01:11:12;86;3;143
2024-04-16 01:12:12;86;3;143
2024-04-16 01:13:13;86;2;144
2024-04-16 01:14:13;86;3;143
2024-04-16 01:15:13;86;3;143
2024-04-16 01:16:09;86;3;143
2024-04-16 01:17:14;86;3;143
2024-04-16 01:18:09;86;3;143
2024-04-16 01:19:15;86;3;143
2024-04-16 01:20:10;86;3;143
2024-04-16 01:21:10;86;3;143
2024-04-16 01:22:11;86;3;143
2024-04-16 01:23:11;86;3;143
2024-04-16 01:24:11;86;3;143
2024-04-16 01:25:12;86;3;143
2024-04-16 01:26:12;86;2;144
2024-04-16 01:27:13;86;3;143
2024-04-16 01:28:13;86;2;144
2024-04-16 01:29:13;86;3;143
2024-04-16 01:30:14;86;3;143
2024-04-16 01:31:09;86;2;144
2024-04-16 01:32:14;86;3;143
2024-04-16 01:33:10;86;3;143
2024-04-16 01:34:10;86;2;144
2024-04-16 01:35:10;86;3;143
2024-04-16 01:36:11;86;1;145
2024-04-16 01:37:11;86;3;143
2024-04-16 01:38:11;86;3;143
2024-04-16 01:39:12;86;2;144
2024-04-16 01:40:12;86;3;143
2024-04-16 01:41:12;86;3;143
2024-04-16 01:42:13;86;3;143
2024-04-16 01:43:13;86;2;144
2024-04-16 01:44:14;86;3;143
2024-04-16 01:45:09;86;3;143
2024-04-16 01:46:14;86;3;143
2024-04-16 01:47:09;86;3;143
2024-04-16 01:48:15;86;2;144
2024-04-16 01:49:10;86;3;143
2024-04-16 01:50:10;86;2;144
2024-04-16 01:51:11;86;3;143
2024-04-16 01:52:11;86;2;144
2024-04-16 01:53:12;86;3;143
2024-04-16 01:54:12;86;3;143
2024-04-16 01:55:12;86;1;145
2024-04-16 01:56:13;86;3;143
2024-04-16 01:57:13;86;2;144
2024-04-16 01:58:13;86;3;143
2024-04-16 01:59:09;86;2;144
2024-04-16 02:00:14;86;3;143
2024-04-16 02:01:09;86;3;143
2024-04-16 02:02:15;86;3;143
2024-04-16 02:03:10;86;3;143
2024-04-16 02:04:10;86;3;143
2024-04-16 02:05:11;86;3;143
2024-04-16 02:06:11;86;3;143
2024-04-16 02:07:12;86;3;143
2024-04-16 02:08:12;86;3;143
2024-04-16 02:09:12;86;3;143
2024-04-16 02:10:13;86;3;143
2024-04-16 02:11:13;86;3;143
2024-04-16 02:12:13;86;3;143
2024-04-16 02:13:14;86;2;144
2024-04-16 02:14:09;86;3;143
2024-04-16 02:15:14;86;3;143
2024-04-16 02:16:10;86;3;143
2024-04-16 02:17:10;86;2;144
2024-04-16 02:18:10;86;2;144
2024-04-16 02:19:11;86;2;144
2024-04-16 02:20:11;86;2;144
2024-04-16 02:21:11;86;3;143
2024-04-16 02:22:12;86;3;143
2024-04-16 02:23:12;86;3;143
2024-04-16 02:24:13;86;3;143
2024-04-16 02:25:13;86;3;143
2024-04-16 02:26:13;86;3;143
2024-04-16 02:27:14;86;2;144
2024-04-16 02:28:09;86;3;143
2024-04-16 02:29:14;86;3;143
2024-04-16 02:30:09;86;3;143
2024-04-16 02:31:10;86;3;143
2024-04-16 02:32:10;86;2;144
2024-04-16 02:33:11;86;3;143
2024-04-16 02:34:11;86;3;143
2024-04-16 02:35:11;86;3;143
2024-04-16 02:36:12;86;3;143
2024-04-16 02:37:12;86;3;143
2024-04-16 02:38:12;86;3;143
2024-04-16 02:39:13;86;2;144
2024-04-16 02:40:13;86;3;143
2024-04-16 02:41:13;86;3;143
2024-04-16 02:42:09;86;3;143
2024-04-16 02:43:14;86;3;143
2024-04-16 02:44:09;86;3;143
2024-04-16 02:45:15;86;3;143
2024-04-16 02:46:10;86;3;143
2024-04-16 02:47:10;86;3;143
2024-04-16 02:48:11;86;3;143
2024-04-16 02:49:11;86;3;143
2024-04-16 02:50:11;86;3;143
2024-04-16 02:51:12;86;3;143
2024-04-16 02:52:12;86;3;143
2024-04-16 02:53:13;86;3;143
2024-04-16 02:54:13;86;3;143
2024-04-16 02:55:13;86;3;143
2024-04-16 02:56:14;86;3;143
2024-04-16 02:57:09;86;3;143
2024-04-16 02:58:14;86;3;143
2024-04-16 02:59:10;86;3;143
2024-04-16 03:00:10;86;3;143
2024-04-16 03:01:10;86;2;144
2024-04-16 03:02:11;86;3;143
2024-04-16 03:03:11;86;3;143
2024-04-16 03:04:11;86;3;143
2024-04-16 03:05:12;86;3;143
2024-04-16 03:06:12;86;2;144
2024-04-16 03:07:13;86;2;144
2024-04-16 03:08:13;86;2;144
2024-04-16 03:09:13;86;3;143
2024-04-16 03:10:14;86;3;143
2024-04-16 03:11:09;86;3;143
2024-04-16 03:12:14;86;3;143
2024-04-16 03:13:10;86;3;143
2024-04-16 03:14:10;86;3;143
2024-04-16 03:15:10;86;3;143
2024-04-16 03:16:11;86;2;144
2024-04-16 03:17:11;86;3;143
2024-04-16 03:18:11;86;3;143
2024-04-16 03:19:12;86;3;143
2024-04-16 03:20:12;86;3;143
2024-04-16 03:21:13;86;3;143
2024-04-16 03:22:13;86;3;143
2024-04-16 03:23:13;86;3;143
2024-04-16 03:24:14;86;3;143
2024-04-16 03:25:09;86;3;143
2024-04-16 03:26:14;86;3;143
2024-04-16 03:27:09;86;3;143
2024-04-16 03:28:10;86;3;143
2024-04-16 03:29:10;86;3;143
2024-04-16 03:30:11;86;3;143
2024-04-16 03:31:11;86;3;143
2024-04-16 03:32:11;86;3;143
2024-04-16 03:33:12;86;3;143
2024-04-16 03:34:12;86;3;143
2024-04-16 03:35:12;86;3;143
2024-04-16 03:36:13;86;3;143
2024-04-16 03:37:13;86;3;143
2024-04-16 03:38:14;86;3;143
2024-04-16 03:39:09;86;3;143
2024-04-16 03:40:14;86;3;143
2024-04-16 03:41:09;86;3;143
2024-04-16 03:42:10;86;3;143
2024-04-16 03:43:10;86;2;144
2024-04-16 03:44:11;86;3;143
2024-04-16 03:45:11;86;3;143
2024-04-16 03:46:11;86;3;143
2024-04-16 03:47:12;86;3;143
2024-04-16 03:48:12;86;3;143
2024-04-16 03:49:12;86;3;143
2024-04-16 03:50:13;86;3;143
2024-04-16 03:51:13;86;3;143
2024-04-16 03:52:13;86;3;143
2024-04-16 03:53:14;86;3;143
2024-04-16 03:54:09;86;2;144
2024-04-16 03:55:14;86;2;144
2024-04-16 03:56:10;86;3;143
2024-04-16 03:57:10;86;3;143
2024-04-16 03:58:10;86;3;143
2024-04-16 03:59:11;86;3;143
2024-04-16 04:00:11;86;3;143
2024-04-16 04:01:11;86;3;143
2024-04-16 04:02:12;86;3;143
2024-04-16 04:03:12;86;2;144
2024-04-16 04:04:12;86;3;143
2024-04-16 04:05:13;86;3;143
2024-04-16 04:06:13;86;3;143
2024-04-16 04:07:13;86;3;143
2024-04-16 04:08:14;86;3;143
2024-04-16 04:09:09;86;3;143
2024-04-16 04:10:14;86;3;143
2024-04-16 04:11:09;86;3;143
2024-04-16 04:12:10;86;3;143
2024-04-16 04:13:10;86;3;143
2024-04-16 04:14:11;86;3;143
2024-04-16 04:15:11;86;3;143
2024-04-16 04:16:11;86;2;144
2024-04-16 04:17:12;86;2;144
2024-04-16 04:18:12;86;3;143
2024-04-16 04:19:12;86;3;143
2024-04-16 04:20:13;86;3;143
2024-04-16 04:21:13;86;3;143
2024-04-16 04:22:13;86;3;143
2024-04-16 04:23:14;86;3;143
2024-04-16 04:24:09;86;3;143
2024-04-16 04:25:14;86;3;143
2024-04-16 04:26:09;86;3;143
2024-04-16 04:27:15;86;3;143
2024-04-16 04:28:10;86;3;143
2024-04-16 04:29:10;86;3;143
2024-04-16 04:30:11;86;3;143
2024-04-16 04:31:11;86;3;143
2024-04-16 04:32:11;86;3;143
2024-04-16 04:33:12;86;3;143
2024-04-16 04:34:12;86;2;144
2024-04-16 04:35:12;86;3;143
2024-04-16 04:36:13;86;3;143
2024-04-16 04:37:13;86;3;143
2024-04-16 04:38:13;86;3;143
2024-04-16 04:39:14;86;3;143
2024-04-16 04:40:09;86;3;143
2024-04-16 04:41:14;86;3;143
2024-04-16 04:42:09;86;2;144
2024-04-16 04:43:10;86;2;144
2024-04-16 04:44:10;86;3;143
2024-04-16 04:45:10;86;3;143
2024-04-16 04:46:11;86;3;143
2024-04-16 04:47:11;86;3;143
2024-04-16 04:48:11;86;3;143
2024-04-16 04:49:12;86;3;143
2024-04-16 04:50:12;86;3;143
2024-04-16 04:51:12;86;3;143
2024-04-16 04:52:13;86;3;143
2024-04-16 04:53:13;86;3;143
2024-04-16 04:54:13;86;2;144
2024-04-16 04:55:09;86;3;143
2024-04-16 04:56:14;86;3;143
2024-04-16 04:57:09;86;3;143
2024-04-16 04:58:15;86;3;143
2024-04-16 04:59:10;86;3;143
2024-04-16 05:00:10;86;3;143
2024-04-16 05:01:11;86;3;143
2024-04-16 05:02:11;86;2;144
2024-04-16 05:03:11;86;3;143
2024-04-16 05:04:11;86;2;144
2024-04-16 05:05:12;86;2;144
2024-04-16 05:06:12;86;3;143
2024-04-16 05:07:12;86;3;143
2024-04-16 05:08:13;86;3;143
2024-04-16 05:09:13;86;3;143
2024-04-16 05:10:13;86;2;144
2024-04-16 05:11:09;86;3;143
2024-04-16 05:12:14;86;3;143
2024-04-16 05:13:09;86;3;143
2024-04-16 05:14:15;86;3;143
2024-04-16 05:15:10;86;3;143
2024-04-16 05:16:10;86;3;143
2024-04-16 05:17:11;86;3;143
2024-04-16 05:18:11;86;3;143
2024-04-16 05:19:11;86;3;143
2024-04-16 05:20:12;86;3;143
2024-04-16 05:21:12;86;3;143
2024-04-16 05:22:12;86;3;143
2024-04-16 05:23:13;86;2;144
2024-04-16 05:24:13;86;3;143
2024-04-16 05:25:13;86;3;143
2024-04-16 05:26:14;86;3;143
2024-04-16 05:27:09;86;3;143
2024-04-16 05:28:14;86;3;143
2024-04-16 05:29:09;86;3;143
2024-04-16 05:30:15;86;3;143
2024-04-16 05:31:10;86;3;143
2024-04-16 05:32:10;86;3;143
2024-04-16 05:33:11;86;3;143
2024-04-16 05:34:11;86;3;143
2024-04-16 05:35:11;86;3;143
2024-04-16 05:36:12;86;3;143
2024-04-16 05:37:12;86;3;143
2024-04-16 05:38:12;86;3;143
2024-04-16 05:39:13;86;3;143
2024-04-16 05:40:13;86;3;143
2024-04-16 05:41:13;86;3;143
2024-04-16 05:42:08;86;3;143
2024-04-16 05:43:14;86;3;143
2024-04-16 05:44:09;86;3;143
2024-04-16 05:45:15;86;3;143
2024-04-16 05:46:10;86;3;143
2024-04-16 05:47:10;86;3;143
2024-04-16 05:48:11;86;3;143
2024-04-16 05:49:11;86;3;143
2024-04-16 05:50:11;86;3;143
2024-04-16 05:51:12;86;3;143
2024-04-16 05:52:12;86;3;143
2024-04-16 05:53:12;86;3;143
2024-04-16 05:54:13;86;3;143
2024-04-16 05:55:13;86;2;144
2024-04-16 05:56:13;86;2;144
2024-04-16 05:57:14;86;1;145
2024-04-16 05:58:09;86;3;143
2024-04-16 05:59:14;86;3;143
2024-04-16 06:00:10;86;3;143
2024-04-16 06:01:10;86;3;143
2024-04-16 06:02:10;86;3;143
2024-04-16 06:03:11;86;3;143
2024-04-16 06:04:11;86;2;144
2024-04-16 06:05:11;86;3;143
2024-04-16 06:06:12;86;3;143
2024-04-16 06:07:12;86;3;143
2024-04-16 06:08:12;86;3;143
2024-04-16 06:09:13;86;2;144
2024-04-16 06:10:13;86;3;143
2024-04-16 06:11:13;86;3;143
2024-04-16 06:12:13;86;3;143
2024-04-16 06:13:09;86;3;143
2024-04-16 06:14:14;86;2;144
2024-04-16 06:15:09;86;2;144
2024-04-16 06:16:15;86;3;143
2024-04-16 06:17:10;86;2;144
2024-04-16 06:18:10;86;3;143
2024-04-16 06:19:11;86;3;143
2024-04-16 06:20:11;86;3;143
2024-04-16 06:21:11;86;3;143
2024-04-16 06:22:11;86;2;144
2024-04-16 06:23:12;86;3;143
2024-04-16 06:24:12;86;3;143
2024-04-16 06:25:12;86;2;144
2024-04-16 06:26:13;86;2;144
2024-04-16 06:27:13;86;3;143
2024-04-16 06:28:13;86;3;143
2024-04-16 06:29:14;86;2;144
2024-04-16 06:30:09;86;3;143
2024-04-16 06:31:14;86;3;143
2024-04-16 06:32:09;86;3;143
2024-04-16 06:33:15;86;3;143
2024-04-16 06:34:10;86;3;143
2024-04-16 06:35:10;86;2;144
2024-04-16 06:36:11;86;2;144
2024-04-16 06:37:11;86;2;144
2024-04-16 06:38:11;86;3;143
2024-04-16 06:39:12;86;3;143
2024-04-16 06:40:12;86;3;143
2024-04-16 06:41:12;86;3;143
2024-04-16 06:42:13;86;3;143
2024-04-16 06:43:13;86;2;144
2024-04-16 06:44:13;86;2;144
2024-04-16 06:45:13;86;2;144
2024-04-16 06:46:14;86;3;143
2024-04-16 06:47:09;86;2;144
2024-04-16 06:48:14;86;3;143
2024-04-16 06:49:09;86;3;143
2024-04-16 06:50:15;86;2;144
2024-04-16 06:51:10;86;2;144
2024-04-16 06:52:10;86;2;144
2024-04-16 06:53:11;86;3;143
2024-04-16 06:54:11;86;3;143
2024-04-16 06:55:11;86;2;144
2024-04-16 06:56:11;86;2;144
2024-04-16 06:57:12;86;2;144
2024-04-16 06:58:12;86;2;144
2024-04-16 06:59:12;86;3;143
2024-04-16 07:00:13;86;2;144
2024-04-16 07:01:13;86;2;144
2024-04-16 07:02:13;86;2;144
2024-04-16 07:03:14;86;2;144
2024-04-16 07:04:09;86;2;144
2024-04-16 07:05:14;86;2;144
2024-04-16 07:06:09;86;3;143
2024-04-16 07:07:15;86;2;144
2024-04-16 07:08:10;86;3;143
2024-04-16 07:09:10;86;2;144
2024-04-16 07:10:10;86;1;145
2024-04-16 07:11:11;86;3;143
2024-04-16 07:12:11;86;2;144
2024-04-16 07:13:11;86;2;144
2024-04-16 07:14:11;86;2;144
2024-04-16 07:15:12;86;2;144
2024-04-16 07:16:12;86;2;144
2024-04-16 07:17:12;86;2;144
2024-04-16 07:18:13;86;2;144
2024-04-16 07:19:13;86;2;144
2024-04-16 07:20:13;86;2;144
2024-04-16 07:21:13;86;3;143
2024-04-16 07:22:09;86;3;143
2024-04-16 07:23:14;86;2;144
2024-04-16 07:24:09;86;3;143
2024-04-16 07:25:15;86;3;143
2024-04-16 07:26:10;86;3;143
2024-04-16 07:27:10;86;3;143
2024-04-16 07:28:10;86;2;144
2024-04-16 07:29:11;86;2;144
2024-04-16 07:30:11;86;3;143
2024-04-16 07:31:11;86;2;144
2024-04-16 07:32:11;86;2;144
2024-04-16 07:33:12;86;2;144
2024-04-16 07:34:12;86;2;144
2024-04-16 07:35:12;86;2;144
2024-04-16 07:36:12;86;3;143
2024-04-16 07:37:13;86;2;144
2024-04-16 07:38:13;86;3;143
2024-04-16 07:39:13;86;2;144
2024-04-16 07:40:14;86;2;144
2024-04-16 07:41:09;86;3;143
2024-04-16 07:42:14;86;3;143
2024-04-16 07:43:09;86;2;144
2024-04-16 07:44:15;86;2;144
2024-04-16 07:45:10;86;2;144
2024-04-16 07:46:10;86;1;145
2024-04-16 07:47:10;86;2;144
2024-04-16 07:48:11;86;3;143
2024-04-16 07:49:11;86;2;144
2024-04-16 07:50:11;86;2;144
2024-04-16 07:51:11;86;2;144
2024-04-16 07:52:12;86;2;144
2024-04-16 07:53:12;86;3;143
2024-04-16 07:54:12;86;3;143
2024-04-16 07:55:12;86;2;144
2024-04-16 07:56:13;86;3;143
2024-04-16 07:57:13;86;2;144
2024-04-16 07:58:13;86;3;143
2024-04-16 07:59:14;86;3;143
2024-04-16 08:00:09;86;3;143
2024-04-16 08:01:14;86;2;144
2024-04-16 08:02:09;86;3;143
2024-04-16 08:03:15;86;2;144
2024-04-16 08:04:10;86;3;143
2024-04-16 08:05:10;86;3;143
2024-04-16 08:06:10;86;3;143
2024-04-16 08:07:11;86;2;144
2024-04-16 08:08:11;86;3;143
2024-04-16 08:09:11;86;3;143
2024-04-16 08:10:12;86;3;143
2024-04-16 08:11:12;86;2;144
2024-04-16 08:12:12;86;3;143
2024-04-16 08:13:12;86;2;144
2024-04-16 08:14:13;86;3;143
2024-04-16 08:15:13;86;3;143
2024-04-16 08:16:13;86;2;144
2024-04-16 08:17:14;86;2;144
2024-04-16 08:18:09;86;2;144
2024-04-16 08:19:14;86;3;143
2024-04-16 08:20:09;86;3;143
2024-04-16 08:21:15;86;3;143
2024-04-16 08:22:10;86;2;144
2024-04-16 08:23:10;86;3;143
2024-04-16 08:24:11;86;1;145
2024-04-16 08:25:11;86;2;144
2024-04-16 08:26:11;86;3;143
2024-04-16 08:27:12;86;2;144
2024-04-16 08:28:12;86;3;143
2024-04-16 08:29:12;86;2;144
2024-04-16 08:30:13;86;3;143
2024-04-16 08:31:13;86;2;144
2024-04-16 08:32:13;86;2;144
2024-04-16 08:33:14;86;3;143
2024-04-16 08:34:09;86;2;144
2024-04-16 08:35:14;86;3;143
2024-04-16 08:36:10;86;3;143
2024-04-16 08:37:10;86;3;143
2024-04-16 08:38:10;86;2;144
2024-04-16 08:39:11;86;3;143
2024-04-16 08:40:11;86;3;143
2024-04-16 08:41:11;86;1;145
2024-04-16 08:42:12;86;3;143
2024-04-16 08:43:12;86;3;143
2024-04-16 08:44:12;86;3;143
2024-04-16 08:45:13;86;2;144
2024-04-16 08:46:13;86;3;143
2024-04-16 08:47:14;86;3;143
2024-04-16 08:48:09;86;3;143
2024-04-16 08:49:14;86;3;143
2024-04-16 08:50:09;86;3;143
2024-04-16 08:51:15;86;3;143
2024-04-16 08:52:10;86;3;143
2024-04-16 08:53:10;86;3;143
2024-04-16 08:54:11;86;3;143
2024-04-16 08:55:11;86;3;143
2024-04-16 08:56:12;86;3;143
2024-04-16 08:57:12;86;3;143
2024-04-16 08:58:12;86;3;143
2024-04-16 08:59:13;86;3;143
2024-04-16 09:00:13;86;3;143
2024-04-16 09:01:13;86;3;143
2024-04-16 09:02:14;86;3;143
2024-04-16 09:03:09;86;3;143
2024-04-16 09:04:15;86;3;143
2024-04-16 09:05:10;86;3;143
2024-04-16 09:06:10;86;2;144
2024-04-16 09:07:10;86;3;143
2024-04-16 09:08:11;86;3;143
2024-04-16 09:09:11;86;3;143
2024-04-16 09:10:12;86;3;143
2024-04-16 09:11:12;86;3;143
2024-04-16 09:12:12;86;3;143
2024-04-16 09:13:13;86;3;143
2024-04-16 09:14:13;86;3;143
2024-04-16 09:15:14;86;3;143
2024-04-16 09:16:09;86;3;143
2024-04-16 09:17:14;86;3;143
2024-04-16 09:18:10;86;3;143
2024-04-16 09:19:10;86;3;143
2024-04-16 09:20:10;86;3;143
2024-04-16 09:21:11;86;3;143
2024-04-16 09:22:11;86;3;143
2024-04-16 09:23:12;86;3;143
2024-04-16 09:24:12;86;3;143
2024-04-16 09:25:13;86;3;143
2024-04-16 09:26:13;86;3;143
2024-04-16 09:27:14;86;3;143
2024-04-16 09:28:09;86;3;143
2024-04-16 09:29:14;86;3;143
2024-04-16 09:30:10;86;3;143
2024-04-16 09:31:10;86;3;143
2024-04-16 09:32:10;86;3;143
2024-04-16 09:33:11;86;3;143
2024-04-16 09:34:11;86;2;144
2024-04-16 09:35:12;86;3;143
2024-04-16 09:36:12;86;3;143
2024-04-16 09:37:13;86;3;143
2024-04-16 09:38:13;86;3;143
2024-04-16 09:39:14;86;3;143
2024-04-16 09:40:09;86;3;143
2024-04-16 09:41:14;86;3;143
2024-04-16 09:42:10;86;3;143
2024-04-16 09:43:10;86;3;143
2024-04-16 09:44:11;86;3;143
2024-04-16 09:45:11;86;3;143
2024-04-16 09:46:11;86;3;143
2024-04-16 09:47:12;86;3;143
2024-04-16 09:48:12;86;3;143
2024-04-16 09:49:13;86;3;143
2024-04-16 09:50:13;86;3;143
2024-04-16 09:51:14;86;3;143
2024-04-16 09:52:09;86;3;143
2024-04-16 09:53:15;86;3;143
2024-04-16 09:54:10;86;3;143
2024-04-16 09:55:10;86;3;143
2024-04-16 09:56:11;86;3;143
2024-04-16 09:57:11;86;3;143
2024-04-16 09:58:12;86;3;143
2024-04-16 09:59:12;86;2;144
2024-04-16 10:00:13;86;3;143
2024-04-16 10:01:13;86;3;143
2024-04-16 10:02:14;86;3;143
2024-04-16 10:03:09;86;3;143
2024-04-16 10:04:15;86;3;143
2024-04-16 10:05:10;86;3;143
2024-04-16 10:06:10;86;2;144
2024-04-16 10:07:11;86;3;143
2024-04-16 10:08:11;86;3;143
2024-04-16 10:09:12;86;3;143
2024-04-16 10:10:12;86;3;143
2024-04-16 10:11:13;86;3;143
2024-04-16 10:12:13;86;3;143
2024-04-16 10:13:14;86;3;143
2024-04-16 10:14:09;86;3;143
2024-04-16 10:15:15;86;3;143
2024-04-16 10:16:10;86;3;143
2024-04-16 10:17:10;86;3;143
2024-04-16 10:18:11;86;3;143
2024-04-16 10:19:11;86;3;143
2024-04-16 10:20:12;86;3;143
2024-04-16 10:21:12;86;3;143
2024-04-16 10:22:13;86;3;143
2024-04-16 10:23:13;86;3;143
2024-04-16 10:24:14;86;3;143
2024-04-16 10:25:09;86;3;143
2024-04-16 10:26:14;86;3;143
2024-04-16 10:27:10;86;3;143
2024-04-16 10:28:10;86;3;143
2024-04-16 10:29:11;86;3;143
2024-04-16 10:30:11;86;3;143
2024-04-16 10:31:12;86;3;143
2024-04-16 10:32:12;86;3;143
2024-04-16 10:33:12;86;3;143
2024-04-16 10:34:13;86;3;143
2024-04-16 10:35:13;86;3;143
2024-04-16 10:36:14;86;3;143
2024-04-16 10:37:09;86;3;143
2024-04-16 10:38:15;86;3;143
2024-04-16 10:39:10;86;3;143
2024-04-16 10:40:10;86;3;143
2024-04-16 10:41:11;86;3;143
2024-04-16 10:42:11;86;2;144
2024-04-16 10:43:12;86;3;143
2024-04-16 10:44:12;86;3;143
2024-04-16 10:45:13;86;3;143
2024-04-16 10:46:13;86;3;143
2024-04-16 10:47:14;86;3;143
2024-04-16 10:48:09;86;2;144
2024-04-16 10:49:15;86;3;143
2024-04-16 10:50:10;86;3;143
2024-04-16 10:51:10;86;3;143
2024-04-16 10:52:11;86;3;143
2024-04-16 10:53:11;86;3;143
2024-04-16 10:54:12;86;3;143
2024-04-16 10:55:12;86;3;143
2024-04-16 10:56:13;86;3;143
2024-04-16 10:57:13;86;3;143
2024-04-16 10:58:14;86;3;143
2024-04-16 10:59:09;86;3;143
2024-04-16 11:00:15;86;3;143
2024-04-16 11:01:10;86;3;143
2024-04-16 11:02:11;86;3;143
2024-04-16 11:03:11;86;3;143
2024-04-16 11:04:12;86;3;143
2024-04-16 11:05:12;86;3;143
2024-04-16 11:06:13;86;3;143
2024-04-16 11:07:13;86;2;144
2024-04-16 11:08:14;86;3;143
2024-04-16 11:09:09;86;3;143
2024-04-16 11:10:15;86;3;143
2024-04-16 11:11:10;86;3;143
2024-04-16 11:12:11;86;3;143
2024-04-16 11:13:11;86;3;143
2024-04-16 11:14:12;86;3;143
2024-04-16 11:15:12;86;3;143
2024-04-16 11:16:13;86;3;143
2024-04-16 11:17:14;86;3;143
2024-04-16 11:18:09;86;3;143
2024-04-16 11:19:15;86;3;143
2024-04-16 11:20:10;87;3;143
2024-04-16 11:21:11;86;3;143
2024-04-16 11:22:11;87;3;143
2024-04-16 11:23:12;86;3;143
2024-04-16 11:24:12;86;3;143
2024-04-16 11:25:13;86;3;143
2024-04-16 11:26:14;86;3;143
2024-04-16 11:27:09;87;3;143
2024-04-16 11:28:15;86;3;143
2024-04-16 11:29:10;87;3;143
2024-04-16 11:30:11;87;3;143
2024-04-16 11:31:11;87;3;143
2024-04-16 11:32:12;87;3;143
2024-04-16 11:33:13;86;3;143
2024-04-16 11:34:13;86;4;142
2024-04-16 11:35:14;87;4;142
2024-04-16 11:36:09;86;3;143
2024-04-16 11:37:15;86;4;142
2024-04-16 11:38:10;87;4;142
2024-04-16 11:39:11;86;4;142
2024-04-16 11:40:12;86;4;142
2024-04-16 11:41:12;86;4;142
2024-04-16 11:42:13;86;4;142
2024-04-16 11:43:13;86;4;142
2024-04-16 11:44:14;86;4;142
2024-04-16 11:45:09;86;4;142
2024-04-16 11:46:14;86;4;142
2024-04-16 11:47:09;86;4;142
2024-04-16 11:48:10;86;4;142
2024-04-16 11:49:10;86;4;142
2024-04-16 11:50:10;86;4;142
2024-04-16 11:51:11;86;3;143
2024-04-16 11:52:11;86;4;142
2024-04-16 11:53:11;86;4;142
2024-04-16 11:54:12;86;4;142
2024-04-16 11:55:13;86;4;142
2024-04-16 11:56:13;86;4;142
2024-04-16 11:57:14;86;4;142
2024-04-16 11:58:09;87;4;142
2024-04-16 11:59:15;87;4;142
2024-04-16 12:00:10;87;4;142
2024-04-16 12:01:11;87;4;142
2024-04-16 12:02:12;86;4;142
2024-04-16 12:03:12;86;4;142
2024-04-16 12:04:13;86;4;142
2024-04-16 12:05:13;86;4;142
2024-04-16 12:06:14;86;4;142
2024-04-16 12:07:09;86;4;142
2024-04-16 12:08:15;86;4;142
2024-04-16 12:09:10;86;4;142
2024-04-16 12:10:11;86;4;142
2024-04-16 12:11:12;86;4;142
2024-04-16 12:12:12;86;4;142
2024-04-16 12:13:13;86;4;142
2024-04-16 12:14:13;86;4;142
2024-04-16 12:15:09;86;4;142
2024-04-16 12:16:15;86;4;142
2024-04-16 12:17:10;86;4;142
2024-04-16 12:18:11;86;2;144
2024-04-16 12:19:11;86;4;142
2024-04-16 12:20:12;86;4;142
2024-04-16 12:21:12;87;4;142
2024-04-16 12:22:13;86;4;142
2024-04-16 12:23:13;86;4;142
2024-04-16 12:24:09;86;4;142
2024-04-16 12:25:15;86;4;142
2024-04-16 12:26:10;86;4;142
2024-04-16 12:27:10;86;4;142
2024-04-16 12:28:11;86;4;142
2024-04-16 12:29:12;86;4;142
2024-04-16 12:30:12;86;4;142
2024-04-16 12:31:13;86;4;142
2024-04-16 12:32:13;86;4;142
2024-04-16 12:33:14;86;4;142
2024-04-16 12:34:09;86;4;142
2024-04-16 12:35:15;87;3;143
2024-04-16 12:36:10;87;4;142
2024-04-16 12:37:11;87;4;142
2024-04-16 12:38:11;87;4;142
2024-04-16 12:39:12;87;4;142
2024-04-16 12:40:12;87;4;142
2024-04-16 12:41:13;87;4;142
2024-04-16 12:42:14;87;4;142
2024-04-16 12:43:09;87;4;142
2024-04-16 12:44:15;88;4;142
2024-04-16 12:45:10;87;4;142
2024-04-16 12:46:11;88;5;141
2024-04-16 12:47:11;88;4;142
2024-04-16 12:48:12;88;4;142
2024-04-16 12:49:12;88;4;142
2024-04-16 12:50:13;87;5;141
2024-04-16 12:51:14;88;4;142
2024-04-16 12:52:09;88;4;142
2024-04-16 12:53:15;87;4;142
2024-04-16 12:54:10;87;4;142
2024-04-16 12:55:11;87;4;142
2024-04-16 12:56:12;87;5;141
2024-04-16 12:57:12;87;4;142
2024-04-16 12:58:13;87;4;142
2024-04-16 12:59:14;87;4;142
2024-04-16 13:00:09;87;4;142
2024-04-16 13:01:15;87;4;142
2024-04-16 13:02:10;87;4;142
2024-04-16 13:03:11;87;4;142
2024-04-16 13:04:12;87;4;142
2024-04-16 13:05:12;87;4;142
2024-04-16 13:06:13;88;5;141
2024-04-16 13:07:14;88;5;141
2024-04-16 13:08:09;88;5;141
2024-04-16 13:09:15;87;4;142
2024-04-16 13:10:10;88;4;142
2024-04-16 13:11:11;87;4;142
2024-04-16 13:12:12;88;4;142
2024-04-16 13:13:12;87;4;142
2024-04-16 13:14:13;88;3;143
2024-04-16 13:15:14;88;4;142
2024-04-16 13:16:09;87;4;142
2024-04-16 13:17:15;88;4;142
2024-04-16 13:18:11;87;3;143
2024-04-16 13:19:11;87;3;143
2024-04-16 13:20:12;87;3;143
2024-04-16 13:21:13;87;4;142
2024-04-16 13:22:13;87;4;142
2024-04-16 13:23:14;87;4;142
2024-04-16 13:24:09;88;4;142
2024-04-16 13:25:15;87;3;143
2024-04-16 13:26:10;87;3;143
2024-04-16 13:27:10;87;3;143
2024-04-16 13:28:11;87;3;143
2024-04-16 13:29:11;87;3;143
2024-04-16 13:30:11;87;3;143
2024-04-16 13:31:12;87;3;143
2024-04-16 13:32:12;88;3;143
2024-04-16 13:33:13;88;4;142
2024-04-16 13:34:14;87;4;142
2024-04-16 13:35:09;87;3;143
2024-04-16 13:36:15;87;3;143
2024-04-16 13:37:11;87;3;143
2024-04-16 13:38:11;87;2;144
2024-04-16 13:39:12;87;2;144
2024-04-16 13:40:13;87;3;143
2024-04-16 13:41:13;87;3;143
2024-04-16 13:42:14;87;3;143
2024-04-16 13:43:09;87;2;144
2024-04-16 13:44:15;87;3;143
2024-04-16 13:45:10;88;2;144
2024-04-16 13:46:11;87;3;143
2024-04-16 13:47:12;88;4;142
2024-04-16 13:48:12;88;3;143
2024-04-16 13:49:13;88;4;142
2024-04-16 13:50:14;88;4;142
2024-04-16 13:51:09;88;3;143
2024-04-16 13:52:15;88;2;144
2024-04-16 13:53:10;88;4;142
2024-04-16 13:54:11;88;4;142
2024-04-16 13:55:11;88;3;143
2024-04-16 13:56:12;88;3;143
2024-04-16 13:57:13;88;4;142
2024-04-16 13:58:13;87;4;142
2024-04-16 13:59:14;88;3;143
2024-04-16 14:00:09;88;3;143
2024-04-16 14:01:15;88;3;143
2024-04-16 14:02:11;88;4;142
2024-04-16 14:03:11;88;3;143
2024-04-16 14:04:12;88;3;143
2024-04-16 14:05:13;87;4;142
2024-04-16 14:06:13;88;4;142
2024-04-16 14:07:14;88;4;142
2024-04-16 14:08:09;88;4;142
2024-04-16 14:09:15;88;4;142
2024-04-16 14:10:10;88;4;142
2024-04-16 14:11:11;88;4;142
2024-04-16 14:12:12;88;4;142
2024-04-16 14:13:12;88;3;143
2024-04-16 14:14:13;88;4;142
2024-04-16 14:15:14;88;4;142
2024-04-16 14:16:09;88;4;142
2024-04-16 14:17:15;88;4;142
2024-04-16 14:18:10;88;4;142
2024-04-16 14:19:11;88;4;142
2024-04-16 14:20:12;88;4;142
2024-04-16 14:21:12;88;4;142
2024-04-16 14:22:13;88;3;143
2024-04-16 14:23:14;88;4;142
2024-04-16 14:24:09;88;3;143
2024-04-16 14:25:15;88;4;142
2024-04-16 14:26:11;88;4;142
2024-04-16 14:27:11;88;3;143
2024-04-16 14:28:12;88;4;142
2024-04-16 14:29:13;88;4;142
2024-04-16 14:30:13;88;3;143
2024-04-16 14:31:14;88;4;142
2024-04-16 14:32:09;88;4;142
2024-04-16 14:33:15;88;3;143
2024-04-16 14:34:11;88;4;142
2024-04-16 14:35:11;88;4;142
2024-04-16 14:36:12;87;4;142
2024-04-16 14:37:13;88;4;142
2024-04-16 14:38:13;88;4;142
2024-04-16 14:39:14;88;4;142
2024-04-16 14:40:09;88;4;142
2024-04-16 14:41:15;88;4;142
2024-04-16 14:42:11;88;4;142
2024-04-16 14:43:11;87;4;142
2024-04-16 14:44:12;88;4;142
2024-04-16 14:45:13;88;4;142
2024-04-16 14:46:13;88;3;143
2024-04-16 14:47:14;88;3;143
2024-04-16 14:48:09;88;2;144
2024-04-16 14:49:15;88;4;142
2024-04-16 14:50:11;88;4;142
2024-04-16 14:51:11;88;2;144
2024-04-16 14:52:12;88;4;142
2024-04-16 14:53:13;88;4;142
2024-04-16 14:54:13;88;4;142
2024-04-16 14:55:14;87;4;142
2024-04-16 14:56:09;88;3;143
2024-04-16 14:57:15;88;4;142
2024-04-16 14:58:11;88;4;142
2024-04-16 14:59:11;88;4;142
2024-04-16 15:00:12;88;4;142
2024-04-16 15:01:13;88;3;143
2024-04-16 15:02:13;88;4;142
2024-04-16 15:03:14;88;3;143
2024-04-16 15:04:09;88;3;143
2024-04-16 15:05:15;88;3;143
2024-04-16 15:06:11;88;3;143
2024-04-16 15:07:11;88;4;142
2024-04-16 15:08:12;88;4;142
2024-04-16 15:09:13;88;3;143
2024-04-16 15:10:13;88;3;143
2024-04-16 15:11:14;88;4;142
2024-04-16 15:12:09;88;2;144
2024-04-16 15:13:15;88;3;143
2024-04-16 15:14:11;88;3;143
2024-04-16 15:15:11;88;3;143
2024-04-16 15:16:12;88;3;143
2024-04-16 15:17:13;88;4;142
2024-04-16 15:18:13;88;2;144
2024-04-16 15:19:14;88;3;143
2024-04-16 15:20:09;88;4;142
2024-04-16 15:21:15;88;3;143
2024-04-16 15:22:10;88;4;142
2024-04-16 15:23:11;87;3;143
2024-04-16 15:24:12;87;3;143
2024-04-16 15:25:12;88;3;143
2024-04-16 15:26:13;88;3;143
2024-04-16 15:27:14;88;3;143
2024-04-16 15:28:09;88;4;142
2024-04-16 15:29:15;88;3;143
2024-04-16 15:30:10;88;3;143
2024-04-16 15:31:11;88;3;143
2024-04-16 15:32:12;88;4;142
2024-04-16 15:33:12;87;3;143
2024-04-16 15:34:13;88;4;142
2024-04-16 15:35:13;88;4;142
2024-04-16 15:36:09;87;3;143
2024-04-16 15:37:15;87;3;143
2024-04-16 15:38:10;88;4;142
2024-04-16 15:39:11;88;3;143
2024-04-16 15:40:11;88;3;143
2024-04-16 15:41:12;87;4;142
2024-04-16 15:42:13;87;4;142
2024-04-16 15:43:13;88;3;143
2024-04-16 15:44:14;88;2;144
2024-04-16 15:45:09;88;3;143
2024-04-16 15:46:15;88;3;143
2024-04-16 15:47:11;88;4;142
2024-04-16 15:48:11;88;3;143
2024-04-16 15:49:12;87;3;143
2024-04-16 15:50:12;87;4;142
2024-04-16 15:51:13;88;3;143
2024-04-16 15:52:14;87;3;143
2024-04-16 15:53:09;87;3;143
2024-04-16 15:54:15;87;3;143
2024-04-16 15:55:10;87;3;143
2024-04-16 15:56:11;87;3;143
2024-04-16 15:57:12;87;3;143
2024-04-16 15:58:12;87;4;142
2024-04-16 15:59:13;87;3;143
2024-04-16 16:00:14;87;3;143
2024-04-16 16:01:09;87;3;143
2024-04-16 16:02:15;87;3;143
2024-04-16 16:03:10;87;4;142
2024-04-16 16:04:11;87;4;142
2024-04-16 16:05:11;87;3;143
2024-04-16 16:06:12;87;4;142
2024-04-16 16:07:13;87;3;143
2024-04-16 16:08:13;87;4;142
2024-04-16 16:09:14;87;3;143
2024-04-16 16:10:09;87;3;143
2024-04-16 16:11:15;87;3;143
2024-04-16 16:12:11;87;3;143
2024-04-16 16:13:11;87;3;143
2024-04-16 16:14:12;87;4;142
2024-04-16 16:15:12;87;4;142
2024-04-16 16:16:13;87;3;143
2024-04-16 16:17:14;87;4;142
2024-04-16 16:18:09;87;4;142
2024-04-16 16:19:15;87;4;142
2024-04-16 16:20:10;87;3;143
2024-04-16 16:21:11;87;3;143
2024-04-16 16:22:11;87;3;143
2024-04-16 16:23:12;87;4;142
2024-04-16 16:24:13;87;4;142
2024-04-16 16:25:13;87;4;142
2024-04-16 16:26:14;87;3;143
2024-04-16 16:27:09;87;2;144
2024-04-16 16:28:15;87;3;143
2024-04-16 16:29:11;87;2;144
2024-04-16 16:30:11;87;3;143
2024-04-16 16:31:12;87;2;144
2024-04-16 16:32:12;87;3;143
2024-04-16 16:33:13;87;3;143
2024-04-16 16:34:14;87;2;144
2024-04-16 16:35:09;87;3;143
2024-04-16 16:36:15;87;4;142
2024-04-16 16:37:10;87;4;142
2024-04-16 16:38:11;87;3;143
2024-04-16 16:39:11;87;3;143
2024-04-16 16:40:12;87;3;143
2024-04-16 16:41:13;87;3;143
2024-04-16 16:42:13;87;3;143
2024-04-16 16:43:14;87;3;143
2024-04-16 16:44:09;87;4;142
2024-04-16 16:45:15;87;3;143
2024-04-16 16:46:10;87;3;143
2024-04-16 16:47:11;87;2;144
2024-04-16 16:48:12;87;4;142
2024-04-16 16:49:12;87;4;142
2024-04-16 16:50:13;87;4;142
2024-04-16 16:51:13;87;3;143
2024-04-16 16:52:14;87;4;142
2024-04-16 16:53:09;87;4;142
2024-04-16 16:54:15;87;2;144
2024-04-16 16:55:11;87;4;142
2024-04-16 16:56:11;87;3;143
2024-04-16 16:57:12;87;3;143
2024-04-16 16:58:12;87;3;143
2024-04-16 16:59:13;87;3;143
2024-04-16 17:00:14;87;3;143
2024-04-16 17:01:09;87;3;143
2024-04-16 17:02:15;87;3;143
2024-04-16 17:03:10;87;3;143
2024-04-16 17:04:11;87;3;143
2024-04-16 17:05:11;87;4;142
2024-04-16 17:06:12;87;3;143
2024-04-16 17:07:13;87;3;143
2024-04-16 17:08:13;87;3;143
2024-04-16 17:09:14;87;2;144
2024-04-16 17:10:09;87;2;144
2024-04-16 17:11:15;87;3;143
2024-04-16 17:12:10;87;3;143
2024-04-16 17:13:11;87;3;143
2024-04-16 17:14:11;87;2;144
2024-04-16 17:15:12;87;2;144
2024-04-16 17:16:13;87;3;143
2024-04-16 17:17:13;87;2;144
2024-04-16 17:18:14;87;3;143
2024-04-16 17:19:09;87;3;143
2024-04-16 17:20:15;87;2;144
2024-04-16 17:21:10;87;4;142
2024-04-16 17:22:11;87;2;144
2024-04-16 17:23:11;87;3;143
2024-04-16 17:24:12;87;3;143
2024-04-16 17:25:13;87;3;143
2024-04-16 17:26:13;87;3;143
2024-04-16 17:27:14;87;3;143
2024-04-16 17:28:09;87;3;143
2024-04-16 17:29:15;87;3;143
2024-04-16 17:30:10;87;3;143
2024-04-16 17:31:11;87;3;143
2024-04-16 17:32:11;87;3;143
2024-04-16 17:33:12;87;3;143
2024-04-16 17:34:12;87;4;142
2024-04-16 17:35:13;87;3;143
2024-04-16 17:36:14;87;2;144
2024-04-16 17:37:09;87;3;143
2024-04-16 17:38:15;87;3;143
2024-04-16 17:39:10;87;4;142
2024-04-16 17:40:11;87;3;143
2024-04-16 17:41:11;87;3;143
2024-04-16 17:42:12;87;3;143
2024-04-16 17:43:12;87;3;143
2024-04-16 17:44:13;87;2;144
2024-04-16 17:45:14;87;3;143
2024-04-16 17:46:09;87;3;143
2024-04-16 17:47:15;87;3;143
2024-04-16 17:48:10;87;3;143
2024-04-16 17:49:11;87;3;143
2024-04-16 17:50:11;87;3;143
2024-04-16 17:51:12;87;3;143
2024-04-16 17:52:12;87;3;143
2024-04-16 17:53:13;87;3;143
2024-04-16 17:54:13;87;3;143
2024-04-16 17:55:09;87;3;143
2024-04-16 17:56:15;87;3;143
2024-04-16 17:57:10;87;3;143
2024-04-16 17:58:10;87;3;143
2024-04-16 17:59:11;87;3;143
2024-04-16 18:00:12;87;3;143
2024-04-16 18:01:12;87;0;146
2024-04-16 18:02:13;87;3;143
2024-04-16 18:03:13;87;3;143
2024-04-16 18:04:14;87;2;144
2024-04-16 18:05:09;87;3;143
2024-04-16 18:06:15;87;3;143
2024-04-16 18:07:10;87;3;143
2024-04-16 18:08:11;87;3;143
2024-04-16 18:09:11;87;3;143
2024-04-16 18:10:12;87;3;143
2024-04-16 18:11:12;87;3;143
2024-04-16 18:12:13;87;3;143
2024-04-16 18:13:13;87;3;143
2024-04-16 18:14:09;87;3;143
2024-04-16 18:15:15;87;3;143
2024-04-16 18:16:10;87;3;143
2024-04-16 18:17:10;87;3;143
2024-04-16 18:18:11;87;3;143
2024-04-16 18:19:11;87;3;143
2024-04-16 18:20:12;87;2;144
2024-04-16 18:21:12;87;3;143
2024-04-16 18:22:13;87;3;143
2024-04-16 18:23:13;87;3;143
2024-04-16 18:24:09;87;3;143
2024-04-16 18:25:15;87;3;143
2024-04-16 18:26:10;87;3;143
2024-04-16 18:27:10;87;3;143
2024-04-16 18:28:11;87;3;143
2024-04-16 18:29:11;87;3;143
2024-04-16 18:30:12;87;3;143
2024-04-16 18:31:12;87;2;144
2024-04-16 18:32:13;87;2;144
2024-04-16 18:33:13;87;3;143
2024-04-16 18:34:14;87;3;143
2024-04-16 18:35:09;87;2;144
2024-04-16 18:36:15;87;3;143
2024-04-16 18:37:10;87;3;143
2024-04-16 18:38:10;87;3;143
2024-04-16 18:39:11;87;3;143
2024-04-16 18:40:11;87;3;143
2024-04-16 18:41:12;87;3;143
2024-04-16 18:42:12;87;3;143
2024-04-16 18:43:13;87;4;142
2024-04-16 18:44:13;87;4;142
2024-04-16 18:45:14;87;3;143
2024-04-16 18:46:09;87;4;142
2024-04-16 18:47:15;87;4;142
2024-04-16 18:48:10;87;4;142
2024-04-16 18:49:10;87;4;142
2024-04-16 18:50:11;87;4;142
2024-04-16 18:51:11;87;3;143
2024-04-16 18:52:12;87;1;145
2024-04-16 18:53:12;87;4;142
2024-04-16 18:54:13;87;3;143
2024-04-16 18:55:13;87;4;142
2024-04-16 18:56:14;87;4;142
2024-04-16 18:57:09;87;4;142
2024-04-16 18:58:15;87;4;142
2024-04-16 18:59:10;87;3;143
2024-04-16 19:00:10;87;4;142
2024-04-16 19:01:11;87;4;142
2024-04-16 19:02:11;87;3;143
2024-04-16 19:03:12;87;4;142
2024-04-16 19:04:12;87;4;142
2024-04-16 19:05:12;87;4;142
2024-04-16 19:06:13;87;4;142
2024-04-16 19:07:13;87;4;142
2024-04-16 19:08:14;87;4;142
2024-04-16 19:09:09;87;4;142
2024-04-16 19:10:15;87;4;142
2024-04-16 19:11:10;87;4;142
2024-04-16 19:12:10;87;1;145
2024-04-16 19:13:11;87;4;142
2024-04-16 19:14:11;87;3;143
2024-04-16 19:15:11;87;4;142
2024-04-16 19:16:12;87;3;143
2024-04-16 19:17:12;87;2;144
2024-04-16 19:18:13;87;4;142
2024-04-16 19:19:13;87;3;143
2024-04-16 19:20:13;87;2;144
2024-04-16 19:21:09;87;3;143
2024-04-16 19:22:14;87;2;144
2024-04-16 19:23:09;87;3;143
2024-04-16 19:24:10;87;3;143
2024-04-16 19:25:10;87;2;144
2024-04-16 19:26:11;87;3;143
2024-04-16 19:27:11;87;3;143
2024-04-16 19:28:12;87;3;143
2024-04-16 19:29:12;87;3;143
2024-04-16 19:30:12;87;2;144
2024-04-16 19:31:13;87;2;144
2024-04-16 19:32:13;87;2;144
2024-04-16 19:33:14;87;2;144
2024-04-16 19:34:09;87;2;144
2024-04-16 19:35:14;87;3;143
2024-04-16 19:36:09;87;2;144
2024-04-16 19:37:10;87;2;144
2024-04-16 19:38:10;87;2;144
2024-04-16 19:39:11;87;2;144
2024-04-16 19:40:11;87;3;143
2024-04-16 19:41:11;87;2;144
2024-04-16 19:42:12;87;3;143
2024-04-16 19:43:12;87;3;143
2024-04-16 19:44:13;87;2;144
2024-04-16 19:45:13;87;2;144
2024-04-16 19:46:13;87;3;143
2024-04-16 19:47:14;87;2;144
2024-04-16 19:48:09;87;2;144
2024-04-16 19:49:15;87;3;143
2024-04-16 19:50:10;87;2;144
2024-04-16 19:51:10;87;2;144
2024-04-16 19:52:10;87;2;144
2024-04-16 19:53:11;87;1;145
2024-04-16 19:54:11;87;3;143
2024-04-16 19:55:12;87;2;144
2024-04-16 19:56:12;87;3;143
2024-04-16 19:57:12;87;2;144
2024-04-16 19:58:13;87;3;143
2024-04-16 19:59:13;87;2;144
2024-04-16 20:00:14;87;2;144
2024-04-16 20:01:09;87;2;144
2024-04-16 20:02:14;87;2;144
2024-04-16 20:03:09;87;2;144
2024-04-16 20:04:15;87;2;144
2024-04-16 20:05:10;87;1;145
2024-04-16 20:06:11;87;1;145
2024-04-16 20:07:11;87;3;143
2024-04-16 20:08:11;87;2;144
2024-04-16 20:09:12;87;2;144
2024-04-16 20:10:12;87;2;144
2024-04-16 20:11:12;87;2;144
2024-04-16 20:12:13;87;2;144
2024-04-16 20:13:13;87;2;144
2024-04-16 20:14:14;87;1;145
2024-04-16 20:15:09;87;2;144
2024-04-16 20:16:14;87;2;144
2024-04-16 20:17:09;87;2;144
2024-04-16 20:18:10;87;2;144
2024-04-16 20:19:10;87;2;144
2024-04-16 20:20:11;87;2;144
2024-04-16 20:21:11;87;2;144
2024-04-16 20:22:11;87;2;144
2024-04-16 20:23:12;87;1;145
2024-04-16 20:24:12;87;2;144
2024-04-16 20:25:12;87;2;144
2024-04-16 20:26:13;87;2;144
2024-04-16 20:27:13;87;2;144
2024-04-16 20:28:14;87;2;144
2024-04-16 20:29:09;87;2;144
2024-04-16 20:30:14;87;2;144
2024-04-16 20:31:09;87;2;144
2024-04-16 20:32:15;87;2;144
2024-04-16 20:33:10;87;2;144
2024-04-16 20:34:10;87;2;144
2024-04-16 20:35:11;87;2;144
2024-04-16 20:36:11;87;2;144
2024-04-16 20:37:12;87;2;144
2024-04-16 20:38:12;87;2;144
2024-04-16 20:39:12;87;2;144
2024-04-16 20:40:13;87;2;144
2024-04-16 20:41:13;87;2;144
2024-04-16 20:42:13;87;2;144
2024-04-16 20:43:14;87;1;145
2024-04-16 20:44:09;87;2;144
2024-04-16 20:45:14;87;2;144
2024-04-16 20:46:10;87;2;144
2024-04-16 20:47:10;87;2;144
2024-04-16 20:48:10;87;2;144
2024-04-16 20:49:11;87;2;144
2024-04-16 20:50:11;87;2;144
2024-04-16 20:51:11;87;2;144
2024-04-16 20:52:12;87;2;144
2024-04-16 20:53:12;87;2;144
2024-04-16 20:54:12;87;2;144
2024-04-16 20:55:13;87;2;144
2024-04-16 20:56:13;87;2;144
2024-04-16 20:57:13;87;2;144
2024-04-16 20:58:14;87;1;145
2024-04-16 20:59:09;87;2;144
2024-04-16 21:00:14;87;2;144
2024-04-16 21:01:09;87;2;144
2024-04-16 21:02:15;87;2;144
2024-04-16 21:03:10;87;2;144
2024-04-16 21:04:10;87;2;144
2024-04-16 21:05:11;87;1;145
2024-04-16 21:06:11;87;2;144
2024-04-16 21:07:11;87;2;144
2024-04-16 21:08:12;87;2;144
2024-04-16 21:09:12;87;1;145
2024-04-16 21:10:12;87;2;144
2024-04-16 21:11:13;87;1;145
2024-04-16 21:12:13;87;2;144
2024-04-16 21:13:13;87;1;145
2024-04-16 21:14:14;87;2;144
2024-04-16 21:15:09;87;1;145
2024-04-16 21:16:14;86;2;144
2024-04-16 21:17:10;87;2;144
2024-04-16 21:18:10;87;2;144
2024-04-16 21:19:10;87;2;144
2024-04-16 21:20:10;87;2;144
2024-04-16 21:21:11;87;2;144
2024-04-16 21:22:11;87;1;145
2024-04-16 21:23:11;87;2;144
2024-04-16 21:24:12;86;2;144
2024-04-16 21:25:12;87;2;144
2024-04-16 21:26:12;87;2;144
2024-04-16 21:27:13;87;1;145
2024-04-16 21:28:13;86;2;144
2024-04-16 21:29:13;86;2;144
2024-04-16 21:30:08;87;2;144
2024-04-16 21:31:14;87;2;144
2024-04-16 21:32:09;87;1;145
2024-04-16 21:33:15;87;2;144
2024-04-16 21:34:10;87;2;144
2024-04-16 21:35:10;87;2;144
2024-04-16 21:36:11;86;2;144
2024-04-16 21:37:11;87;2;144
2024-04-16 21:38:11;87;2;144
2024-04-16 21:39:12;86;2;144
2024-04-16 21:40:12;87;2;144
2024-04-16 21:41:12;87;2;144
2024-04-16 21:42:13;87;2;144
2024-04-16 21:43:13;87;2;144
2024-04-16 21:44:13;87;1;145
2024-04-16 21:45:14;86;2;144
2024-04-16 21:46:09;87;2;144
2024-04-16 21:47:14;86;1;145
2024-04-16 21:48:09;86;2;144
2024-04-16 21:49:15;86;2;144
2024-04-16 21:50:10;87;2;144
2024-04-16 21:51:10;87;1;145
2024-04-16 21:52:11;86;2;144
2024-04-16 21:53:11;86;2;144
2024-04-16 21:54:11;86;2;144
2024-04-16 21:55:12;87;2;144
2024-04-16 21:56:12;86;2;144
2024-04-16 21:57:12;87;2;144
2024-04-16 21:58:13;86;2;144
2024-04-16 21:59:13;86;2;144
2024-04-16 22:00:13;86;1;145
2024-04-16 22:01:14;86;2;144
2024-04-16 22:02:09;87;1;145
2024-04-16 22:03:14;86;2;144
2024-04-16 22:04:09;86;2;144
2024-04-16 22:05:15;86;1;145
2024-04-16 22:06:10;87;2;144
2024-04-16 22:07:10;86;2;144
2024-04-16 22:08:11;86;2;144
2024-04-16 22:09:11;86;2;144
2024-04-16 22:10:11;86;2;144
2024-04-16 22:11:11;86;1;145
2024-04-16 22:12:12;86;2;144
2024-04-16 22:13:12;86;2;144
2024-04-16 22:14:12;86;2;144
2024-04-16 22:15:13;86;2;144
2024-04-16 22:16:13;86;1;145
2024-04-16 22:17:13;86;2;144
2024-04-16 22:18:14;86;2;144
2024-04-16 22:19:09;86;2;144
2024-04-16 22:20:14;86;2;144
2024-04-16 22:21:09;86;2;144
2024-04-16 22:22:15;86;2;144
2024-04-16 22:23:10;86;2;144
2024-04-16 22:24:10;86;2;144
2024-04-16 22:25:11;86;2;144
2024-04-16 22:26:11;86;1;145
2024-04-16 22:27:11;86;2;144
2024-04-16 22:28:12;87;2;144
2024-04-16 22:29:12;86;2;144
2024-04-16 22:30:12;86;2;144
2024-04-16 22:31:13;86;2;144
2024-04-16 22:32:13;86;2;144
2024-04-16 22:33:13;86;2;144
2024-04-16 22:34:13;86;1;145
2024-04-16 22:35:09;86;2;144
2024-04-16 22:36:14;86;2;144
2024-04-16 22:37:09;86;2;144
2024-04-16 22:38:15;86;2;144
2024-04-16 22:39:10;86;2;144
2024-04-16 22:40:10;86;1;145
2024-04-16 22:41:10;86;2;144
2024-04-16 22:42:11;86;2;144
2024-04-16 22:43:11;86;2;144
2024-04-16 22:44:11;86;2;144
2024-04-16 22:45:12;87;2;144
2024-04-16 22:46:12;86;2;144
2024-04-16 22:47:12;86;2;144
2024-04-16 22:48:13;86;2;144
2024-04-16 22:49:13;86;2;144
2024-04-16 22:50:13;86;1;145
2024-04-16 22:51:14;86;2;144
2024-04-16 22:52:09;86;2;144
2024-04-16 22:53:14;86;2;144
2024-04-16 22:54:09;86;2;144
2024-04-16 22:55:15;86;2;144
2024-04-16 22:56:10;86;2;144
2024-04-16 22:57:10;86;2;144
2024-04-16 22:58:10;86;2;144
2024-04-16 22:59:11;86;2;144
2024-04-16 23:00:11;86;1;145
2024-04-16 23:01:11;86;1;145
2024-04-16 23:02:12;86;2;144
2024-04-16 23:03:12;86;1;145
2024-04-16 23:04:12;86;2;144
2024-04-16 23:05:13;86;2;144
2024-04-16 23:06:13;86;1;145
2024-04-16 23:07:13;86;2;144
2024-04-16 23:08:14;86;1;145
2024-04-16 23:09:09;86;2;144
2024-04-16 23:10:14;86;2;144
2024-04-16 23:11:09;86;2;144
2024-04-16 23:12:15;86;2;144
2024-04-16 23:13:10;86;2;144
2024-04-16 23:14:10;86;2;144
2024-04-16 23:15:10;86;2;144
2024-04-16 23:16:11;86;2;144
2024-04-16 23:17:11;86;1;145
2024-04-16 23:18:11;86;2;144
2024-04-16 23:19:12;86;2;144
2024-04-16 23:20:12;86;2;144
2024-04-16 23:21:12;86;2;144
2024-04-16 23:22:13;86;2;144
2024-04-16 23:23:13;86;2;144
2024-04-16 23:24:13;86;1;145
2024-04-16 23:25:13;86;2;144
2024-04-16 23:26:09;86;2;144
2024-04-16 23:27:14;86;2;144
2024-04-16 23:28:09;86;2;144
2024-04-16 23:29:15;86;2;144
2024-04-16 23:30:10;86;2;144
2024-04-16 23:31:10;86;2;144
2024-04-16 23:32:10;86;2;144
2024-04-16 23:33:11;86;2;144
2024-04-16 23:34:11;86;2;144
2024-04-16 23:35:11;86;2;144
2024-04-16 23:36:12;86;2;144
2024-04-16 23:37:12;86;2;144
2024-04-16 23:38:12;86;2;144
2024-04-16 23:39:12;86;2;144
2024-04-16 23:40:13;86;2;144
2024-04-16 23:41:13;86;2;144
2024-04-16 23:42:13;86;2;144
2024-04-16 23:43:14;86;2;144
2024-04-16 23:44:09;86;2;144
2024-04-16 23:45:14;86;2;144
2024-04-16 23:46:09;86;2;144
2024-04-16 23:47:15;86;2;144
2024-04-16 23:48:10;86;2;144
2024-04-16 23:49:10;86;2;144
2024-04-16 23:50:10;86;2;144
2024-04-16 23:51:11;86;2;144
2024-04-16 23:52:11;86;1;145
2024-04-16 23:53:11;86;2;144
2024-04-16 23:54:12;86;2;144
2024-04-16 23:55:12;86;2;144
2024-04-16 23:56:12;86;2;144
2024-04-16 23:57:12;86;2;144
2024-04-16 23:58:13;86;2;144
2024-04-16 23:59:13;86;2;144
